ウェビナーのお申し込みはこちらから！ :: BOTCHAN
BOTCHAN
ウェビナーのお申し込みはこちらから！
0
Cart is empty.
ご請求額
×
Modal content.
閉じる
ご注文処理中
メッセージのスレッドを削除しますか？
キャンセル
削除
チャット枠を:hour時間内非表示しますか？
キャンセル
OK
都道府県を選択してください
市区を選択してください
町村を選択してください
番地を選択してください
キャンセル
選択
本当に閉じますか？
チャットに戻る
閉じる
変更された入力内容が更新されていません。更新内容をご確認の上、送信してください。
キャンセル
OK
【お詫び】現在アクセス集中のため、つながりにくくなっております。
しばらく時間を置いてからアクセスいただくか、下記からでもご購入いただけます。
チャットで購入出来ない場合は コチラ
OK
次へ
〒検索はこちら
郵便番号
〒検索はこちら
郵便番号
都道府県
市区町村
番地
建物名
都道府県
選択してください
年 1935 1936 1937 1938 1939 1940 1941 1942 1943 1944 1945 1946 1947 1948 1949 1950 1951 1952 1953 1954 1955 1956 1957 1958 1959 1960 1961 1962 1963 1964 1965 1966 1967 1968 1969 1970 1971 1972 1973 1974 1975 1976 1977 1978 1979 1980 1981 1982 1983 1984 1985 1986 1987 1988 1989 1990 1991 1992 1993 1994 1995 1996 1997 1998 1999 2000 2001 2002 2003 2004 2005 2006 2007 2008 2009 2010 2011 2012 2013 2014 2015 2016 2017 2018 2019 2020 2021 2022
月 01 02 03 04 05 06 07 08 09 10 11 12
日
年 1935 1936 1937 1938 1939 1940 1941 1942 1943 1944 1945 1946 1947 1948 1949 1950 1951 1952 1953 1954 1955 1956 1957 1958 1959 1960 1961 1962 1963 1964 1965 1966 1967 1968 1969 1970 1971 1972 1973 1974 1975 1976 1977 1978 1979 1980 1981 1982 1983 1984 1985 1986 1987 1988 1989 1990 1991 1992 1993 1994 1995 1996 1997 1998 1999 2000 2001 2002 2003 2004 2005 2006 2007 2008 2009 2010 2011 2012 2013 2014 2015 2016 2017 2018 2019 2020 2021 2022
月 01 02 03 04 05 06 07 08 09 10 11 12
年 2022 2023
月 01 02 03 04 05 06 07 08 09 10 11 12
日
時 00 01 02 03 04 05 06 07 08 09 10 11 12 13 14 15 16 17 18 19 20 21 22 23
分 00 01 02 03 04 05 06 07 08 09 10 11 12 13 14 15 16 17 18 19 20 21 22 23 24 25 26 27 28 29 30 31 32 33 34 35 36 37 38 39 40 41 42 43 44 45 46 47 48 49 50 51 52 53 54 55 56 57 58 59
選択してください
選択
~
選択
時 00 01 02 03 04 05 06 07 08 09 10 11 12 13 14 15 16 17 18 19 20 21 22 23
分 00 01 02 03 04 05 06 07 08 09 10 11 12 13 14 15 16 17 18 19 20 21 22 23 24 25 26 27 28 29 30 31 32 33 34 35 36 37 38 39 40 41 42 43 44 45 46 47 48 49 50 51 52 53 54 55 56 57 58 59
~
時 00 01 02 03 04 05 06 07 08 09 10 11 12 13 14 15 16 17 18 19 20 21 22 23
分 00 01 02 03 04 05 06 07 08 09 10 11 12 13 14 15 16 17 18 19 20 21 22 23 24 25 26 27 28 29 30 31 32 33 34 35 36 37 38 39 40 41 42 43 44 45 46 47 48 49 50 51 52 53 54 55 56 57 58 59
月 01 02 03 04 05 06 07 08 09 10 11 12
日 01 02 03 04 05 06 07 08 09 10 11 12 13 14 15 16 17 18 19 20 21 22 23 24 25 26 27 28 29 30 31
年 2022 2023
月 01 02 03 04 05 06 07 08 09 10 11 12
選択してください
選択
~
選択
Download This Document
Select
詳細を見る
カード番号
カード名義
有効期限
セキュリティーコード
年 22 23 24 25 26 27 28 29 30 31 32
月 01 02 03 04 05 06 07 08 09 10 11 12
ファイルを選択
処理中
選択されていません
~
買い物かごには商品が入っていません。
ご請求額
数量：
-
+
単価：
金額：
資料請求リストには資料が入っていません。
Product is empty.
数量：
-
+
単価：
商品番号：
詳細を見る